%% $Id: upper_limit_mismatch_histogram.txt,v 1.3 2011/09/28 15:38:02 owen Exp $
%% This is the mismatch histogram for 3D Anstar lattice
%% as generated by testFlatLatticeTilingPulsar: see
%% ../flat_lattice_tiling_review/test_flat_lattice_tiling
0. 0.01 53771.
0.01 0.02 97246.
0.02 0.03 128195.
0.03 0.04 150673.
0.04 0.05 170816.
0.05 0.06 189828.
0.06 0.07 205409.
0.07 0.08 221258.
0.08 0.09 235633.
0.09 0.1 249043.
0.1 0.11 261169.
0.11 0.12 273335.
0.12 0.13 285787.
0.13 0.14 296179.
0.14 0.15 305886.
0.15 0.16 317300.
0.16 0.17 328256.
0.17 0.18 336451.
0.18 0.19 347080.
0.19 0.2 356067.
0.2 0.21 364955.
0.21 0.22 373600.
0.22 0.23 382714.
0.23 0.24 391042.
0.24 0.25 398537.
0.25 0.26 408329.
0.26 0.27 415756.
0.27 0.28 424471.
0.28 0.29 429337.
0.29 0.3 436789.
0.3 0.31 446686.
0.31 0.32 452330.
0.32 0.33 459674.
0.33 0.34 467702.
0.34 0.35 474593.
0.35 0.36 482416.
0.36 0.37 486754.
0.37 0.38 493681.
0.38 0.39 500570.
0.39 0.4 508302.
0.4 0.41 514478.
0.41 0.42 520578.
0.42 0.43 526562.
0.43 0.44 534588.
0.44 0.45 538973.
0.45 0.46 543645.
0.46 0.47 550393.
0.47 0.48 557645.
0.48 0.49 563234.
0.49 0.5 568113.
0.5 0.51 575126.
0.51 0.52 579709.
0.52 0.53 585354.
0.53 0.54 592250.
0.54 0.55 596227.
0.55 0.56 601919.
0.56 0.57 605277.
0.57 0.58 611570.
0.58 0.59 615987.
0.59 0.6 622918.
0.6 0.61 618009.
0.61 0.62 601051.
0.62 0.63 585560.
0.63 0.64 571060.
0.64 0.65 556215.
0.65 0.66 540801.
0.66 0.67 526739.
0.67 0.68 510793.
0.68 0.69 495592.
0.69 0.7 480821.
0.7 0.71 468841.
0.71 0.72 451796.
0.72 0.73 438587.
0.73 0.74 425609.
0.74 0.75 410771.
0.75 0.76 398597.
0.76 0.77 384025.
0.77 0.78 369481.
0.78 0.79 356214.
0.79 0.8 340944.
0.8 0.81 322018.
0.81 0.82 296258.
0.82 0.83 267885.
0.83 0.84 242164.
0.84 0.85 215467.
0.85 0.86 187982.
0.86 0.87 162241.
0.87 0.88 135931.
0.88 0.89 110007.
0.89 0.9 85129.
0.9 0.91 62063.
0.91 0.92 45590.
0.92 0.93 33210.
0.93 0.94 23346.
0.94 0.95 16132.
0.95 0.96 10773.
0.96 0.97 6022.
0.97 0.98 2904.
0.98 0.99 1059.
0.99 1. 147.
